--// LocalScript VVIP by Nizar (JarotX Script FINAL)

-- Services
local Players = game:GetService("Players")
local TweenService = game:GetService("TweenService")
local UserInputService = game:GetService("UserInputService")

local player = Players.LocalPlayer
local character = player.Character or player.CharacterAdded:Wait()
local humanoidRoot = character:WaitForChild("HumanoidRootPart")

-- GUI SETUP
local ScreenGui = Instance.new("ScreenGui")
ScreenGui.Name = "JarotX_GUI"
ScreenGui.ResetOnSpawn = false
ScreenGui.Parent = player:WaitForChild("PlayerGui")

local MainFrame = Instance.new("Frame")
MainFrame.Size = UDim2.new(0, 330, 0, 210)
MainFrame.Position = UDim2.new(0.3, 0, 0.3, 0)
MainFrame.BackgroundColor3 = Color3.fromRGB(0, 0, 0)
MainFrame.BorderColor3 = Color3.fromRGB(0, 255, 0)
MainFrame.BorderSizePixel = 2
MainFrame.Active = true
MainFrame.Draggable = true
MainFrame.Parent = ScreenGui

local UICorner = Instance.new("UICorner", MainFrame)
UICorner.CornerRadius = UDim.new(0, 12)

local Title = Instance.new("TextLabel")
Title.Size = UDim2.new(1, 0, 0, 35)
Title.BackgroundTransparency = 1
Title.Text = "JarotX Script"
Title.Font = Enum.Font.GothamBold
Title.TextColor3 = Color3.fromRGB(0, 255, 0)
Title.TextSize = 22
Title.Parent = MainFrame

-- START / STOP Button
local StartBtn = Instance.new("TextButton")
StartBtn.Size = UDim2.new(0.8, 0, 0, 40)
StartBtn.Position = UDim2.new(0.1, 0, 0.25, 0)
StartBtn.Text = "Start"
StartBtn.Font = Enum.Font.GothamBold
StartBtn.TextColor3 = Color3.fromRGB(0, 255, 0)
StartBtn.BackgroundColor3 = Color3.fromRGB(15, 15, 15)
Instance.new("UICorner", StartBtn)
StartBtn.Parent = MainFrame

-- SPEED SECTION
local SpeedFrame = Instance.new("Frame")
SpeedFrame.Size = UDim2.new(0.8, 0, 0, 40)
SpeedFrame.Position = UDim2.new(0.1, 0, 0.6, 0)
SpeedFrame.BackgroundColor3 = Color3.fromRGB(15, 15, 15)
SpeedFrame.BorderColor3 = Color3.fromRGB(0, 255, 0)
Instance.new("UICorner", SpeedFrame)
SpeedFrame.Parent = MainFrame

local MinusBtn = Instance.new("TextButton")
MinusBtn.Size = UDim2.new(0.2, 0, 1, 0)
MinusBtn.Text = "-"
MinusBtn.Font = Enum.Font.GothamBold
MinusBtn.TextSize = 26
MinusBtn.TextColor3 = Color3.fromRGB(0, 255, 0)
MinusBtn.BackgroundTransparency = 1
MinusBtn.Parent = SpeedFrame

local PlusBtn = Instance.new("TextButton")
PlusBtn.Size = UDim2.new(0.2, 0, 1, 0)
PlusBtn.Position = UDim2.new(0.8, 0, 0, 0)
PlusBtn.Text = "+"
PlusBtn.Font = Enum.Font.GothamBold
PlusBtn.TextSize = 26
PlusBtn.TextColor3 = Color3.fromRGB(0, 255, 0)
PlusBtn.BackgroundTransparency = 1
PlusBtn.Parent = SpeedFrame

local SpeedValue = Instance.new("TextLabel")
SpeedValue.Size = UDim2.new(0.6, 0, 1, 0)
SpeedValue.Position = UDim2.new(0.2, 0, 0, 0)
SpeedValue.Text = "Speed: 1"
SpeedValue.Font = Enum.Font.GothamBold
SpeedValue.TextSize = 18
SpeedValue.TextColor3 = Color3.fromRGB(0, 255, 0)
SpeedValue.BackgroundTransparency = 1
SpeedValue.Parent = SpeedFrame

-- Minimize Button
local MinBtn = Instance.new("TextButton")
MinBtn.Size = UDim2.new(0, 30, 0, 30)
MinBtn.Position = UDim2.new(1, -35, 0, 5)
MinBtn.Text = "X"
MinBtn.TextColor3 = Color3.fromRGB(255, 0, 0)
MinBtn.Font = Enum.Font.GothamBold
MinBtn.TextSize = 20
MinBtn.BackgroundTransparency = 1
MinBtn.Parent = MainFrame

-- Hidden circle restore button
local RestoreBtn = Instance.new("TextButton")
RestoreBtn.Size = UDim2.new(0, 45, 0, 45)
RestoreBtn.Position = UDim2.new(1, -60, 0, 10)
RestoreBtn.Text = "ðŸƒ"
RestoreBtn.BackgroundColor3 = Color3.fromRGB(0, 100, 255)
RestoreBtn.TextColor3 = Color3.fromRGB(255, 255, 255)
RestoreBtn.Visible = false
RestoreBtn.Parent = ScreenGui
Instance.new("UICorner", RestoreBtn)

-- Minimize Animation
MinBtn.MouseButton1Click:Connect(function()
	local tweenOut = TweenService:Create(MainFrame, TweenInfo.new(0.4, Enum.EasingStyle.Quad, Enum.EasingDirection.Out),
		{Size = UDim2.new(0, 0, 0, 0), Position = UDim2.new(MainFrame.Position.X.Scale + 0.15, 0, MainFrame.Position.Y.Scale + 0.15, 0)})
	tweenOut:Play()
	tweenOut.Completed:Wait()
	MainFrame.Visible = false
	RestoreBtn.Visible = true
end)

RestoreBtn.MouseButton1Click:Connect(function()
	RestoreBtn.Visible = false
	MainFrame.Visible = true
	MainFrame.Size = UDim2.new(0, 330, 0, 210)
end)

-- SPEED CONTROL
local currentSpeed = 1
PlusBtn.MouseButton1Click:Connect(function()
	currentSpeed = math.clamp(currentSpeed + 1, 1, 10)
	SpeedValue.Text = "Speed: " .. currentSpeed
end)
MinusBtn.MouseButton1Click:Connect(function()
	currentSpeed = math.clamp(currentSpeed - 1, 1, 10)
	SpeedValue.Text = "Speed: " .. currentSpeed
end)

-- AUTOWALK SYSTEM
local route = {
	-- CP0 > CP1
	CFrame.new(-953.452332, 169.415924, 881.532043, 0.999981, -0.006220, 0.000122, 0.006220, 0.999981, -0.000002, -0.000122, 0.000003, 1.000000)
CFrame.new(-953.452332, 169.415924, 881.532043, 0.999981, -0.006220, 0.000122, 0.006220, 0.999981, -0.000002, -0.000122, 0.000003, 1.000000)
CFrame.new(-953.452332, 169.415924, 881.532043, 0.999981, -0.006220, 0.000122, 0.006220, 0.999981, -0.000002, -0.000122, 0.000003, 1.000000)
CFrame.new(-953.452332, 169.415924, 881.532043, 0.999981, -0.006220, 0.000122, 0.006220, 0.999981, -0.000002, -0.000122, 0.000003, 1.000000)
CFrame.new(-953.452332, 169.415924, 881.532043, 0.999981, -0.006220, 0.000122, 0.006220, 0.999981, -0.000002, -0.000122, 0.000003, 1.000000)
CFrame.new(-953.452332, 169.415924, 881.532043, 0.999981, -0.006220, 0.000122, 0.006220, 0.999981, -0.000002, -0.000122, 0.000003, 1.000000)
CFrame.new(-953.452332, 169.415924, 881.532043, 0.999981, -0.006220, 0.000122, 0.006220, 0.999981, -0.000002, -0.000122, 0.000003, 1.000000)
CFrame.new(-953.452332, 169.415924, 881.532043, 0.999981, -0.006220, 0.000122, 0.006220, 0.999981, -0.000002, -0.000122, 0.000003, 1.000000)
CFrame.new(-953.452332, 169.415924, 881.532043, 0.999981, -0.006220, 0.000122, 0.006220, 0.999981, -0.000002, -0.000122, 0.000003, 1.000000)
CFrame.new(-953.452332, 169.415924, 881.532043, 0.999981, -0.006220, 0.000122, 0.006220, 0.999981, -0.000002, -0.000122, 0.000003, 1.000000)
CFrame.new(-953.452332, 169.415924, 881.532043, 0.999981, -0.006220, 0.000122, 0.006220, 0.999981, -0.000002, -0.000122, 0.000003, 1.000000)
CFrame.new(-953.452332, 169.415924, 881.532043, 0.999981, -0.006220, 0.000122, 0.006220, 0.999981, -0.000002, -0.000122, 0.000003, 1.000000)
CFrame.new(-953.452332, 169.415924, 881.532043, 0.999981, -0.006220, 0.000122, 0.006220, 0.999981, -0.000002, -0.000122, 0.000003, 1.000000)
CFrame.new(-953.452332, 169.415924, 881.532043, 0.999981, -0.006220, 0.000122, 0.006220, 0.999981, -0.000002, -0.000122, 0.000003, 1.000000)
CFrame.new(-953.452332, 169.415924, 881.532043, 0.999981, -0.006220, 0.000122, 0.006220, 0.999981, -0.000002, -0.000122, 0.000003, 1.000000)
CFrame.new(-953.452332, 169.415924, 881.532043, 0.999981, -0.006220, 0.000122, 0.006220, 0.999981, -0.000002, -0.000122, 0.000003, 1.000000)
CFrame.new(-953.452332, 169.415924, 881.532043, 0.999981, -0.006220, 0.000122, 0.006220, 0.999981, -0.000002, -0.000122, 0.000003, 1.000000)
CFrame.new(-953.452332, 169.415924, 881.532043, 0.999981, -0.006220, 0.000122, 0.006220, 0.999981, -0.000002, -0.000122, 0.000003, 1.000000)
CFrame.new(-953.452332, 169.415924, 881.532043, 0.999981, -0.006220, 0.000122, 0.006220, 0.999981, -0.000002, -0.000122, 0.000003, 1.000000)
CFrame.new(-953.452332, 169.415924, 881.532043, 0.999981, -0.006220, 0.000122, 0.006220, 0.999981, -0.000002, -0.000122, 0.000003, 1.000000)
CFrame.new(-953.452332, 169.415924, 881.532043, 0.999981, -0.006220, 0.000122, 0.006220, 0.999981, -0.000002, -0.000122, 0.000003, 1.000000)
CFrame.new(-953.452332, 169.415924, 881.532043, 0.999981, -0.006220, 0.000122, 0.006220, 0.999981, -0.000002, -0.000122, 0.000003, 1.000000)
CFrame.new(-953.452332, 169.415924, 881.532043, 0.999981, -0.006220, 0.000122, 0.006220, 0.999981, -0.000002, -0.000122, 0.000003, 1.000000)
CFrame.new(-953.452332, 169.415924, 881.532043, 0.999981, -0.006220, 0.000122, 0.006220, 0.999981, -0.000002, -0.000122, 0.000003, 1.000000)
CFrame.new(-953.452332, 169.415924, 881.532043, 0.999981, -0.006220, 0.000122, 0.006220, 0.999981, -0.000002, -0.000122, 0.000003, 1.000000)
CFrame.new(-953.452332, 169.415924, 881.532043, 0.999981, -0.006220, 0.000122, 0.006220, 0.999981, -0.000002, -0.000122, 0.000003, 1.000000)
CFrame.new(-953.452332, 169.415924, 881.532043, 0.999981, -0.006220, 0.000122, 0.006220, 0.999981, -0.000002, -0.000122, 0.000003, 1.000000)
CFrame.new(-953.452332, 169.415924, 881.532043, 0.999981, -0.006220, 0.000122, 0.006220, 0.999981, -0.000002, -0.000122, 0.000003, 1.000000)
CFrame.new(-953.452332, 169.415924, 881.532043, 0.999981, -0.006220, 0.000122, 0.006220, 0.999981, -0.000002, -0.000122, 0.000003, 1.000000)
CFrame.new(-953.452332, 169.415924, 881.532043, 0.999981, -0.006220, 0.000122, 0.006220, 0.999981, -0.000002, -0.000122, 0.000003, 1.000000)
CFrame.new(-953.452332, 169.415924, 881.532043, 0.999981, -0.006220, 0.000122, 0.006220, 0.999981, -0.000002, -0.000122, 0.000003, 1.000000)
CFrame.new(-953.452332, 169.415924, 881.532043, 0.999981, -0.006220, 0.000122, 0.006220, 0.999981, -0.000002, -0.000122, 0.000003, 1.000000)
CFrame.new(-953.452332, 169.415924, 881.532043, 0.999981, -0.006220, 0.000122, 0.006220, 0.999981, -0.000002, -0.000122, 0.000003, 1.000000)
CFrame.new(-953.452332, 169.415924, 881.532043, 0.999981, -0.006220, 0.000122, 0.006220, 0.999981, -0.000002, -0.000122, 0.000003, 1.000000)
CFrame.new(-953.452332, 169.415924, 881.532043, 0.999981, -0.006220, 0.000122, 0.006220, 0.999981, -0.000002, -0.000122, 0.000003, 1.000000)
CFrame.new(-953.452332, 169.415924, 881.532043, 0.999981, -0.006220, 0.000122, 0.006220, 0.999981, -0.000002, -0.000122, 0.000003, 1.000000)
CFrame.new(-953.452332, 169.415924, 881.532043, 0.999981, -0.006220, 0.000122, 0.006220, 0.999981, -0.000002, -0.000122, 0.000003, 1.000000)
CFrame.new(-953.452332, 169.415924, 881.532043, 0.999981, -0.006220, 0.000122, 0.006220, 0.999981, -0.000002, -0.000122, 0.000003, 1.000000)
CFrame.new(-953.452332, 169.415924, 881.532043, 0.999981, -0.006220, 0.000122, 0.006220, 0.999981, -0.000002, -0.000122, 0.000003, 1.000000)
CFrame.new(-953.452332, 169.415924, 881.532043, 0.999981, -0.006220, 0.000122, 0.006220, 0.999981, -0.000002, -0.000122, 0.000003, 1.000000)
CFrame.new(-953.452332, 169.415924, 881.532043, 0.999981, -0.006220, 0.000122, 0.006220, 0.999981, -0.000002, -0.000122, 0.000003, 1.000000)
CFrame.new(-953.452332, 169.415924, 881.532043, 0.999981, -0.006220, 0.000122, 0.006220, 0.999981, -0.000002, -0.000122, 0.000003, 1.000000)
CFrame.new(-953.452332, 169.415924, 881.532043, 0.999981, -0.006220, 0.000122, 0.006220, 0.999981, -0.000002, -0.000122, 0.000003, 1.000000)
CFrame.new(-953.452332, 169.415924, 881.532043, 0.999981, -0.006220, 0.000122, 0.006220, 0.999981, -0.000002, -0.000122, 0.000003, 1.000000)
CFrame.new(-953.452332, 169.415924, 881.532043, 0.999981, -0.006220, 0.000122, 0.006220, 0.999981, -0.000002, -0.000122, 0.000003, 1.000000)
CFrame.new(-953.452332, 169.415924, 881.532043, 0.999981, -0.006220, 0.000122, 0.006220, 0.999981, -0.000002, -0.000122, 0.000003, 1.000000)
CFrame.new(-953.452332, 169.415924, 881.532043, 0.999981, -0.006220, 0.000122, 0.006220, 0.999981, -0.000002, -0.000122, 0.000003, 1.000000)
CFrame.new(-953.452332, 169.415924, 881.532043, 0.999981, -0.006220, 0.000122, 0.006220, 0.999981, -0.000002, -0.000122, 0.000003, 1.000000)
CFrame.new(-953.452332, 169.415924, 881.532043, 0.999981, -0.006220, 0.000122, 0.006220, 0.999981, -0.000002, -0.000122, 0.000003, 1.000000)
CFrame.new(-953.452332, 169.415924, 881.532043, 0.999981, -0.006220, 0.000122, 0.006220, 0.999981, -0.000002, -0.000122, 0.000003, 1.000000)
CFrame.new(-953.452332, 169.415924, 881.532043, 0.999981, -0.006220, 0.000122, 0.006220, 0.999981, -0.000002, -0.000122, 0.000003, 1.000000)
CFrame.new(-953.452332, 169.415924, 881.532043, 0.999981, -0.006220, 0.000122, 0.006220, 0.999981, -0.000002, -0.000122, 0.000003, 1.000000)
CFrame.new(-953.452332, 169.415924, 881.532043, 0.999981, -0.006220, 0.000122, 0.006220, 0.999981, -0.000002, -0.000122, 0.000003, 1.000000)
CFrame.new(-953.452332, 169.415924, 881.532043, 0.999981, -0.006220, 0.000122, 0.006220, 0.999981, -0.000002, -0.000122, 0.000003, 1.000000)
CFrame.new(-953.452332, 169.415924, 881.532043, 0.999981, -0.006220, 0.000122, 0.006220, 0.999981, -0.000002, -0.000122, 0.000003, 1.000000)
CFrame.new(-953.452332, 169.415924, 881.532043, 0.999981, -0.006220, 0.000122, 0.006220, 0.999981, -0.000002, -0.000122, 0.000003, 1.000000)
CFrame.new(-953.452332, 169.415924, 881.532043, 0.999981, -0.006220, 0.000122, 0.006220, 0.999981, -0.000002, -0.000122, 0.000003, 1.000000)
CFrame.new(-953.452332, 169.415924, 881.532043, 0.999981, -0.006220, 0.000122, 0.006220, 0.999981, -0.000002, -0.000122, 0.000003, 1.000000)
CFrame.new(-953.452332, 169.415924, 881.532043, 0.999981, -0.006220, 0.000122, 0.006220, 0.999981, -0.000002, -0.000122, 0.000003, 1.000000)
CFrame.new(-953.452332, 169.415924, 881.532043, 0.999981, -0.006220, 0.000122, 0.006220, 0.999981, -0.000002, -0.000122, 0.000003, 1.000000)
CFrame.new(-953.452332, 169.415924, 881.532043, 0.999981, -0.006220, 0.000122, 0.006220, 0.999981, -0.000002, -0.000122, 0.000003, 1.000000)
CFrame.new(-953.452332, 169.415924, 881.532043, 0.999981, -0.006220, 0.000122, 0.006220, 0.999981, -0.000002, -0.000122, 0.000003, 1.000000)
CFrame.new(-953.452332, 169.415924, 881.532043, 0.999981, -0.006220, 0.000122, 0.006220, 0.999981, -0.000002, -0.000122, 0.000003, 1.000000)
CFrame.new(-953.452332, 169.415924, 881.532043, 0.999981, -0.006220, 0.000122, 0.006220, 0.999981, -0.000002, -0.000122, 0.000003, 1.000000)
CFrame.new(-953.452332, 169.415924, 881.532043, 0.999981, -0.006220, 0.000122, 0.006220, 0.999981, -0.000002, -0.000122, 0.000003, 1.000000)
CFrame.new(-953.452332, 169.415924, 881.532043, 0.999981, -0.006220, 0.000122, 0.006220, 0.999981, -0.000002, -0.000122, 0.000003, 1.000000)
CFrame.new(-953.452332, 169.415924, 881.532043, 0.999981, -0.006220, 0.000122, 0.006220, 0.999981, -0.000002, -0.000122, 0.000003, 1.000000)
CFrame.new(-953.452332, 169.415924, 881.532043, 0.999981, -0.006220, 0.000122, 0.006220, 0.999981, -0.000002, -0.000122, 0.000003, 1.000000)
CFrame.new(-953.452332, 169.415924, 881.532043, 0.999981, -0.006220, 0.000122, 0.006220, 0.999981, -0.000002, -0.000122, 0.000003, 1.000000)
CFrame.new(-953.452332, 169.415924, 881.532043, 0.999981, -0.006220, 0.000122, 0.006220, 0.999981, -0.000002, -0.000122, 0.000003, 1.000000)
CFrame.new(-953.452332, 169.415924, 881.532043, 0.999981, -0.006220, 0.000122, 0.006220, 0.999981, -0.000002, -0.000122, 0.000003, 1.000000)
CFrame.new(-953.452332, 169.415924, 881.532043, 0.999981, -0.006220, 0.000122, 0.006220, 0.999981, -0.000002, -0.000122, 0.000003, 1.000000)
CFrame.new(-953.452332, 169.415924, 881.532043, 0.999981, -0.006220, 0.000122, 0.006220, 0.999981, -0.000002, -0.000122, 0.000003, 1.000000)
CFrame.new(-953.452332, 169.415924, 881.532043, 0.999981, -0.006220, 0.000122, 0.006220, 0.999981, -0.000002, -0.000122, 0.000003, 1.000000)
CFrame.new(-953.452332, 169.415924, 881.532043, 0.999981, -0.006220, 0.000122, 0.006220, 0.999981, -0.000002, -0.000122, 0.000003, 1.000000)
CFrame.new(-953.452332, 169.415924, 881.532043, 0.999981, -0.006220, 0.000122, 0.006220, 0.999981, -0.000002, -0.000122, 0.000003, 1.000000)
CFrame.new(-953.452332, 169.415924, 881.532043, 0.999981, -0.006220, 0.000122, 0.006220, 0.999981, -0.000002, -0.000122, 0.000003, 1.000000)
CFrame.new(-953.452332, 169.415924, 881.532043, 0.999981, -0.006220, 0.000122, 0.006220, 0.999981, -0.000002, -0.000122, 0.000003, 1.000000)
CFrame.new(-953.452332, 169.415924, 881.532043, 0.999981, -0.006220, 0.000122, 0.006220, 0.999981, -0.000002, -0.000122, 0.000003, 1.000000)
CFrame.new(-953.452332, 169.415924, 881.532043, 0.999981, -0.006220, 0.000122, 0.006220, 0.999981, -0.000002, -0.000122, 0.000003, 1.000000)
CFrame.new(-953.452332, 169.415924, 881.532043, 0.999981, -0.006220, 0.000122, 0.006220, 0.999981, -0.000002, -0.000122, 0.000003, 1.000000)
CFrame.new(-953.452332, 169.415924, 881.532043, 0.999981, -0.006220, 0.000122, 0.006220, 0.999981, -0.000002, -0.000122, 0.000003, 1.000000)
CFrame.new(-953.452332, 169.415924, 881.532043, 0.999981, -0.006220, 0.000122, 0.006220, 0.999981, -0.000002, -0.000122, 0.000003, 1.000000)
CFrame.new(-953.452332, 169.415924, 881.532043, 0.999981, -0.006220, 0.000122, 0.006220, 0.999981, -0.000002, -0.000122, 0.000003, 1.000000)
CFrame.new(-953.452332, 169.415924, 881.532043, 0.999981, -0.006220, 0.000122, 0.006220, 0.999981, -0.000002, -0.000122, 0.000003, 1.000000)
CFrame.new(-953.452332, 169.415924, 881.532043, 0.999981, -0.006220, 0.000122, 0.006220, 0.999981, -0.000002, -0.000122, 0.000003, 1.000000)
CFrame.new(-953.452332, 169.415924, 881.532043, 0.999981, -0.006220, 0.000122, 0.006220, 0.999981, -0.000002, -0.000122, 0.000003, 1.000000)
CFrame.new(-953.452332, 169.415924, 881.532043, 0.999981, -0.006220, 0.000122, 0.006220, 0.999981, -0.000002, -0.000122, 0.000003, 1.000000)
CFrame.new(-953.452332, 169.415924, 881.532043, 0.999981, -0.006220, 0.000122, 0.006220, 0.999981, -0.000002, -0.000122, 0.000003, 1.000000)
CFrame.new(-953.452332, 169.415924, 881.532043, 0.999981, -0.006220, 0.000122, 0.006220, 0.999981, -0.000002, -0.000122, 0.000003, 1.000000)
CFrame.new(-953.452332, 169.415924, 881.532043, 0.999981, -0.006220, 0.000122, 0.006220, 0.999981, -0.000002, -0.000122, 0.000003, 1.000000)
CFrame.new(-953.452332, 169.415924, 881.532043, 0.999981, -0.006220, 0.000122, 0.006220, 0.999981, -0.000002, -0.000122, 0.000003, 1.000000)
CFrame.new(-953.452332, 169.415924, 881.532043, 0.999981, -0.006220, 0.000122, 0.006220, 0.999981, -0.000002, -0.000122, 0.000003, 1.000000)
CFrame.new(-953.452332, 169.415924, 881.532043, 0.999981, -0.006220, 0.000122, 0.006220, 0.999981, -0.000002, -0.000122, 0.000003, 1.000000)
CFrame.new(-953.452332, 169.415924, 881.532043, 0.999981, -0.006220, 0.000122, 0.006220, 0.999981, -0.000002, -0.000122, 0.000003, 1.000000)
CFrame.new(-953.452332, 169.415924, 881.532043, 0.999981, -0.006220, 0.000122, 0.006220, 0.999981, -0.000002, -0.000122, 0.000003, 1.000000)
CFrame.new(-953.452332, 169.415924, 881.532043, 0.999981, -0.006220, 0.000122, 0.006220, 0.999981, -0.000002, -0.000122, 0.000003, 1.000000)
CFrame.new(-953.452332, 169.415924, 881.532043, 0.999981, -0.006220, 0.000122, 0.006220, 0.999981, -0.000002, -0.000122, 0.000003, 1.000000)
CFrame.new(-953.452332, 169.415924, 881.532043, 0.999981, -0.006220, 0.000122, 0.006220, 0.999981, -0.000002, -0.000122, 0.000003, 1.000000)
CFrame.new(-953.452332, 169.415924, 881.532043, 0.999981, -0.006220, 0.000122, 0.006220, 0.999981, -0.000002, -0.000122, 0.000003, 1.000000)
CFrame.new(-953.452332, 169.415924, 881.532043, 0.999981, -0.006220, 0.000122, 0.006220, 0.999981, -0.000002, -0.000122, 0.000003, 1.000000)
CFrame.new(-953.452332, 169.415924, 881.532043, 0.999981, -0.006220, 0.000122, 0.006220, 0.999981, -0.000002, -0.000122, 0.000003, 1.000000)
CFrame.new(-953.452332, 169.415924, 881.532043, 0.999981, -0.006220, 0.000122, 0.006220, 0.999981, -0.000002, -0.000122, 0.000003, 1.000000)
CFrame.new(-953.452332, 169.415924, 881.532043, 0.999981, -0.006220, 0.000122, 0.006220, 0.999981, -0.000002, -0.000122, 0.000003, 1.000000)
CFrame.new(-953.452332, 169.415924, 881.532043, 0.999981, -0.006220, 0.000122, 0.006220, 0.999981, -0.000002, -0.000122, 0.000003, 1.000000)
CFrame.new(-953.452332, 169.415924, 881.532043, 0.999981, -0.006220, 0.000122, 0.006220, 0.999981, -0.000002, -0.000122, 0.000003, 1.000000)
CFrame.new(-953.452332, 169.415924, 881.532043, 0.999981, -0.006220, 0.000122, 0.006220, 0.999981, -0.000002, -0.000122, 0.000003, 1.000000)
CFrame.new(-953.452332, 169.415924, 881.532043, 0.999981, -0.006220, 0.000122, 0.006220, 0.999981, -0.000002, -0.000122, 0.000003, 1.000000)
CFrame.new(-953.452332, 169.415924, 881.532043, 0.999981, -0.006220, 0.000122, 0.006220, 0.999981, -0.000002, -0.000122, 0.000003, 1.000000)
CFrame.new(-953.452332, 169.415924, 881.532043, 0.999981, -0.006220, 0.000122, 0.006220, 0.999981, -0.000002, -0.000122, 0.000003, 1.000000)
CFrame.new(-953.452332, 169.415924, 881.532043, 0.999981, -0.006220, 0.000122, 0.006220, 0.999981, -0.000002, -0.000122, 0.000003, 1.000000)
CFrame.new(-953.452332, 169.415924, 881.532043, 0.999981, -0.006220, 0.000122, 0.006220, 0.999981, -0.000002, -0.000122, 0.000003, 1.000000)
CFrame.new(-953.452332, 169.415924, 881.532043, 0.999981, -0.006220, 0.000122, 0.006220, 0.999981, -0.000002, -0.000122, 0.000003, 1.000000)
CFrame.new(-953.452332, 169.415924, 881.532043, 0.999981, -0.006220, 0.000122, 0.006220, 0.999981, -0.000002, -0.000122, 0.000003, 1.000000)
CFrame.new(-953.452332, 169.415924, 881.532043, 0.999981, -0.006220, 0.000122, 0.006220, 0.999981, -0.000002, -0.000122, 0.000003, 1.000000)
CFrame.new(-953.452332, 169.415924, 881.532043, 0.999981, -0.006220, 0.000122, 0.006220, 0.999981, -0.000002, -0.000122, 0.000003, 1.000000)
CFrame.new(-953.452332, 169.415924, 881.532043, 0.999981, -0.006220, 0.000122, 0.006220, 0.999981, -0.000002, -0.000122, 0.000003, 1.000000)
CFrame.new(-953.452332, 169.415924, 881.532043, 0.999981, -0.006220, 0.000122, 0.006220, 0.999981, -0.000002, -0.000122, 0.000003, 1.000000)
CFrame.new(-953.452332, 169.415924, 881.532043, 0.999981, -0.006220, 0.000122, 0.006220, 0.999981, -0.000002, -0.000122, 0.000003, 1.000000)
CFrame.new(-953.452332, 169.415924, 881.532043, 0.999981, -0.006220, 0.000122, 0.006220, 0.999981, -0.000002, -0.000122, 0.000003, 1.000000)
CFrame.new(-953.452332, 169.415924, 881.532043, 0.999981, -0.006220, 0.000122, 0.006220, 0.999981, -0.000002, -0.000122, 0.000003, 1.000000)
CFrame.new(-953.452332, 169.415924, 881.532043, 0.999981, -0.006220, 0.000122, 0.006220, 0.999981, -0.000002, -0.000122, 0.000003, 1.000000)
CFrame.new(-953.452332, 169.415924, 881.532043, 0.999981, -0.006220, 0.000122, 0.006220, 0.999981, -0.000002, -0.000122, 0.000003, 1.000000)
CFrame.new(-953.452332, 169.415924, 881.532043, 0.999981, -0.006220, 0.000122, 0.006220, 0.999981, -0.000002, -0.000122, 0.000003, 1.000000)
CFrame.new(-953.452332, 169.415924, 881.532043, 0.999981, -0.006220, 0.000122, 0.006220, 0.999981, -0.000002, -0.000122, 0.000003, 1.000000)
CFrame.new(-953.452332, 169.415924, 881.532043, 0.999981, -0.006220, 0.000122, 0.006220, 0.999981, -0.000002, -0.000122, 0.000003, 1.000000)
CFrame.new(-953.452332, 169.415924, 881.532043, 0.999981, -0.006220, 0.000122, 0.006220, 0.999981, -0.000002, -0.000122, 0.000003, 1.000000)
CFrame.new(-953.452332, 169.415924, 881.532043, 0.999981, -0.006220, 0.000122, 0.006220, 0.999981, -0.000002, -0.000122, 0.000003, 1.000000)
CFrame.new(-953.452332, 169.415924, 881.532043, 0.999981, -0.006220, 0.000122, 0.006220, 0.999981, -0.000002, -0.000122, 0.000003, 1.000000)
CFrame.new(-953.452332, 169.415924, 881.532043, 0.999981, -0.006220, 0.000122, 0.006220, 0.999981, -0.000002, -0.000122, 0.000003, 1.000000)
CFrame.new(-953.452332, 169.415924, 881.532043, 0.999981, -0.006220, 0.000122, 0.006220, 0.999981, -0.000002, -0.000122, 0.000003, 1.000000)
CFrame.new(-953.452332, 169.415924, 881.532043, 0.999981, -0.006220, 0.000122, 0.006220, 0.999981, -0.000002, -0.000122, 0.000003, 1.000000)
CFrame.new(-953.452332, 169.415924, 881.532043, 0.999981, -0.006220, 0.000122, 0.006220, 0.999981, -0.000002, -0.000122, 0.000003, 1.000000)
CFrame.new(-953.452332, 169.415924, 881.532043, 0.999981, -0.006220, 0.000122, 0.006220, 0.999981, -0.000002, -0.000122, 0.000003, 1.000000)
CFrame.new(-953.452332, 169.415924, 881.532043, 0.999981, -0.006220, 0.000122, 0.006220, 0.999981, -0.000002, -0.000122, 0.000003, 1.000000)
CFrame.new(-953.452332, 169.415924, 881.532043, 0.999981, -0.006220, 0.000122, 0.006220, 0.999981, -0.000002, -0.000122, 0.000003, 1.000000)
CFrame.new(-953.452332, 169.415924, 881.532043, 0.999981, -0.006220, 0.000122, 0.006220, 0.999981, -0.000002, -0.000122, 0.000003, 1.000000)
CFrame.new(-953.452332, 169.415924, 881.532043, 0.999981, -0.006220, 0.000122, 0.006220, 0.999981, -0.000002, -0.000122, 0.000003, 1.000000)
CFrame.new(-953.452332, 169.415924, 881.532043, 0.999981, -0.006220, 0.000122, 0.006220, 0.999981, -0.000002, -0.000122, 0.000003, 1.000000)
CFrame.new(-953.452332, 169.415924, 881.532043, 0.999981, -0.006220, 0.000122, 0.006220, 0.999981, -0.000002, -0.000122, 0.000003, 1.000000)
CFrame.new(-953.452332, 169.415924, 881.532043, 0.999981, -0.006220, 0.000122, 0.006220, 0.999981, -0.000002, -0.000122, 0.000003, 1.000000)
CFrame.new(-953.452332, 169.415924, 881.532043, 0.999981, -0.006220, 0.000122, 0.006220, 0.999981, -0.000002, -0.000122, 0.000003, 1.000000)
CFrame.new(-953.452332, 169.415924, 881.532043, 0.999981, -0.006220, 0.000122, 0.006220, 0.999981, -0.000002, -0.000122, 0.000003, 1.000000)
CFrame.new(-953.452332, 169.415924, 881.532043, 0.999981, -0.006220, 0.000122, 0.006220, 0.999981, -0.000002, -0.000122, 0.000003, 1.000000)
CFrame.new(-953.452332, 169.415924, 881.532043, 0.999981, -0.006220, 0.000122, 0.006220, 0.999981, -0.000002, -0.000122, 0.000003, 1.000000)
CFrame.new(-953.452332, 169.415924, 881.532043, 0.999981, -0.006220, 0.000122, 0.006220, 0.999981, -0.000002, -0.000122, 0.000003, 1.000000)
CFrame.new(-953.452332, 169.415924, 881.532043, 0.999981, -0.006220, 0.000122, 0.006220, 0.999981, -0.000002, -0.000122, 0.000003, 1.000000)
CFrame.new(-953.452332, 169.415924, 881.532043, 0.999981, -0.006220, 0.000122, 0.006220, 0.999981, -0.000002, -0.000122, 0.000003, 1.000000)
CFrame.new(-953.452332, 169.415924, 881.532043, 0.999981, -0.006220, 0.000122, 0.006220, 0.999981, -0.000002, -0.000122, 0.000003, 1.000000)
CFrame.new(-953.452332, 169.415924, 881.532043, 0.999981, -0.006220, 0.000122, 0.006220, 0.999981, -0.000002, -0.000122, 0.000003, 1.000000)
CFrame.new(-953.452332, 169.415924, 881.532043, 0.999981, -0.006220, 0.000122, 0.006220, 0.999981, -0.000002, -0.000122, 0.000003, 1.000000)
CFrame.new(-953.452332, 169.415924, 881.532043, 0.999981, -0.006220, 0.000122, 0.006220, 0.999981, -0.000002, -0.000122, 0.000003, 1.000000)
CFrame.new(-953.452332, 169.415924, 881.532043, 0.999981, -0.006220, 0.000122, 0.006220, 0.999981, -0.000002, -0.000122, 0.000003, 1.000000)
CFrame.new(-953.452332, 169.415924, 881.532043, 0.999981, -0.006220, 0.000122, 0.006220, 0.999981, -0.000002, -0.000122, 0.000003, 1.000000)
CFrame.new(-953.452332, 169.415924, 881.532043, 0.999981, -0.006220, 0.000122, 0.006220, 0.999981, -0.000002, -0.000122, 0.000003, 1.000000)
CFrame.new(-953.452332, 169.415924, 881.532043, 0.999981, -0.006220, 0.000122, 0.006220, 0.999981, -0.000002, -0.000122, 0.000003, 1.000000)
CFrame.new(-953.452332, 169.415924, 881.532043, 0.999981, -0.006220, 0.000122, 0.006220, 0.999981, -0.000002, -0.000122, 0.000003, 1.000000)
CFrame.new(-953.452332, 169.415924, 881.532043, 0.999981, -0.006220, 0.000122, 0.006220, 0.999981, -0.000002, -0.000122, 0.000003, 1.000000)
CFrame.new(-953.452332, 169.415924, 881.532043, 0.999981, -0.006220, 0.000122, 0.006220, 0.999981, -0.000002, -0.000122, 0.000003, 1.000000)
CFrame.new(-953.452332, 169.415924, 881.532043, 0.999981, -0.006220, 0.000122, 0.006220, 0.999981, -0.000002, -0.000122, 0.000003, 1.000000)
CFrame.new(-953.452332, 169.415924, 881.532043, 0.999981, -0.006220, 0.000122, 0.006220, 0.999981, -0.000002, -0.000122, 0.000003, 1.000000)
CFrame.new(-953.452332, 169.415924, 881.532043, 0.999981, -0.006220, 0.000122, 0.006220, 0.999981, -0.000002, -0.000122, 0.000003, 1.000000)
CFrame.new(-953.452332, 169.415924, 881.532043, 0.999981, -0.006220, 0.000122, 0.006220, 0.999981, -0.000002, -0.000122, 0.000003, 1.000000)
CFrame.new(-953.452332, 169.415924, 881.532043, 0.999981, -0.006220, 0.000122, 0.006220, 0.999981, -0.000002, -0.000122, 0.000003, 1.000000)
CFrame.new(-953.452332, 169.415924, 881.532043, 0.999981, -0.006220, 0.000122, 0.006220, 0.999981, -0.000002, -0.000122, 0.000003, 1.000000)
CFrame.new(-953.452332, 169.415924, 881.532043, 0.999981, -0.006220, 0.000122, 0.006220, 0.999981, -0.000002, -0.000122, 0.000003, 1.000000)
CFrame.new(-953.452332, 169.415924, 881.532043, 0.999981, -0.006220, 0.000122, 0.006220, 0.999981, -0.000002, -0.000122, 0.000003, 1.000000)
CFrame.new(-953.452332, 169.415924, 881.532043, 0.999981, -0.006220, 0.000122, 0.006220, 0.999981, -0.000002, -0.000122, 0.000003, 1.000000)
CFrame.new(-953.452332, 169.415924, 881.532043, 0.999981, -0.006220, 0.000122, 0.006220, 0.999981, -0.000002, -0.000122, 0.000003, 1.000000)
CFrame.new(-953.452332, 169.415924, 881.532043, 0.999981, -0.006220, 0.000122, 0.006220, 0.999981, -0.000002, -0.000122, 0.000003, 1.000000)
CFrame.new(-953.452332, 169.415924, 881.532043, 0.999981, -0.006220, 0.000122, 0.006220, 0.999981, -0.000002, -0.000122, 0.000003, 1.000000)
CFrame.new(-953.452332, 169.415924, 881.532043, 0.999981, -0.006220, 0.000122, 0.006220, 0.999981, -0.000002, -0.000122, 0.000003, 1.000000)
CFrame.new(-953.452332, 169.415924, 881.532043, 0.999981, -0.006220, 0.000122, 0.006220, 0.999981, -0.000002, -0.000122, 0.000003, 1.000000)
CFrame.new(-953.452332, 169.415924, 881.532043, 0.999981, -0.006220, 0.000122, 0.006220, 0.999981, -0.000002, -0.000122, 0.000003, 1.000000)
CFrame.new(-953.452332, 169.415924, 881.532043, 0.999981, -0.006220, 0.000122, 0.006220, 0.999981, -0.000002, -0.000122, 0.000003, 1.000000)
CFrame.new(-953.452332, 169.415924, 881.532043, 0.999981, -0.006220, 0.000122, 0.006220, 0.999981, -0.000002, -0.000122, 0.000003, 1.000000)
CFrame.new(-953.452332, 169.415924, 881.532043, 0.999981, -0.006220, 0.000122, 0.006220, 0.999981, -0.000002, -0.000122, 0.000003, 1.000000)
CFrame.new(-953.452332, 169.415924, 881.532043, 0.999981, -0.006220, 0.000122, 0.006220, 0.999981, -0.000002, -0.000122, 0.000003, 1.000000)
CFrame.new(-953.452332, 169.415924, 881.532043, 0.999981, -0.006220, 0.000122, 0.006220, 0.999981, -0.000002, -0.000122, 0.000003, 1.000000)
CFrame.new(-953.452332, 169.415924, 881.532043, 0.999981, -0.006220, 0.000122, 0.006220, 0.999981, -0.000002, -0.000122, 0.000003, 1.000000)
CFrame.new(-953.452332, 169.415924, 881.532043, 0.999981, -0.006220, 0.000122, 0.006220, 0.999981, -0.000002, -0.000122, 0.000003, 1.000000)
CFrame.new(-953.452332, 169.415924, 881.532043, 0.999981, -0.006220, 0.000122, 0.006220, 0.999981, -0.000002, -0.000122, 0.000003, 1.000000)
CFrame.new(-953.452332, 169.415924, 881.532043, 0.999981, -0.006220, 0.000122, 0.006220, 0.999981, -0.000002, -0.000122, 0.000003, 1.000000)
CFrame.new(-953.452332, 169.415924, 881.532043, 0.999981, -0.006220, 0.000122, 0.006220, 0.999981, -0.000002, -0.000122, 0.000003, 1.000000)
CFrame.new(-953.452332, 169.415924, 881.532043, 0.999981, -0.006220, 0.000122, 0.006220, 0.999981, -0.000002, -0.000122, 0.000003, 1.000000)
CFrame.new(-953.452332, 169.415924, 881.532043, 0.999981, -0.006220, 0.000122, 0.006220, 0.999981, -0.000002, -0.000122, 0.000003, 1.000000)
CFrame.new(-953.452332, 169.415924, 881.532043, 0.999981, -0.006220, 0.000122, 0.006220, 0.999981, -0.000002, -0.000122, 0.000003, 1.000000)
CFrame.new(-953.452332, 169.415924, 881.532043, 0.999981, -0.006220, 0.000122, 0.006220, 0.999981, -0.000002, -0.000122, 0.000003, 1.000000)
CFrame.new(-953.452332, 169.415924, 881.532043, 0.999981, -0.006220, 0.000122, 0.006220, 0.999981, -0.000002, -0.000122, 0.000003, 1.000000)
CFrame.new(-953.452332, 169.415924, 881.532043, 0.999981, -0.006220, 0.000122, 0.006220, 0.999981, -0.000002, -0.000122, 0.000003, 1.000000)
CFrame.new(-953.452332, 169.415924, 881.532043, 0.999981, -0.006220, 0.000122, 0.006220, 0.999981, -0.000002, -0.000122, 0.000003, 1.000000)
CFrame.new(-953.452332, 169.415924, 881.532043, 0.999981, -0.006220, 0.000122, 0.006220, 0.999981, -0.000002, -0.000122, 0.000003, 1.000000)
CFrame.new(-953.452332, 169.415924, 881.532043, 0.999981, -0.006220, 0.000122, 0.006220, 0.999981, -0.000002, -0.000122, 0.000003, 1.000000)
CFrame.new(-953.452332, 169.415924, 881.532043, 0.999981, -0.006220, 0.000122, 0.006220, 0.999981, -0.000002, -0.000122, 0.000003, 1.000000)
CFrame.new(-953.452332, 169.415924, 881.532043, 0.999981, -0.006220, 0.000122, 0.006220, 0.999981, -0.000002, -0.000122, 0.000003, 1.000000)
CFrame.new(-953.452332, 169.415924, 881.532043, 0.999981, -0.006220, 0.000122, 0.006220, 0.999981, -0.000002, -0.000122, 0.000003, 1.000000)
CFrame.new(-953.452332, 169.415924, 881.532043, 0.999981, -0.006220, 0.000122, 0.006220, 0.999981, -0.000002, -0.000122, 0.000003, 1.000000)
CFrame.new(-953.452332, 169.415924, 881.532043, 0.999981, -0.006220, 0.000122, 0.006220, 0.999981, -0.000002, -0.000122, 0.000003, 1.000000)
CFrame.new(-953.452332, 169.415924, 881.532043, 0.999981, -0.006220, 0.000122, 0.006220, 0.999981, -0.000002, -0.000122, 0.000003, 1.000000)
CFrame.new(-953.452332, 169.415924, 881.532043, 0.999981, -0.006220, 0.000122, 0.006220, 0.999981, -0.000002, -0.000122, 0.000003, 1.000000)
CFrame.new(-953.452332, 169.415924, 881.532043, 0.999981, -0.006220, 0.000122, 0.006220, 0.999981, -0.000002, -0.000122, 0.000003, 1.000000)
CFrame.new(-953.452332, 169.415924, 881.532043, 0.999981, -0.006220, 0.000122, 0.006220, 0.999981, -0.000002, -0.000122, 0.000003, 1.000000)
CFrame.new(-953.452332, 169.415924, 881.532043, 0.999981, -0.006220, 0.000122, 0.006220, 0.999981, -0.000002, -0.000122, 0.000003, 1.000000)
CFrame.new(-953.452332, 169.415924, 881.532043, 0.999981, -0.006220, 0.000122, 0.006220, 0.999981, -0.000002, -0.000122, 0.000003, 1.000000)
CFrame.new(-953.452332, 169.415924, 881.532043, 0.999981, -0.006220, 0.000122, 0.006220, 0.999981, -0.000002, -0.000122, 0.000003, 1.000000)
CFrame.new(-953.452332, 169.415924, 881.532043, 0.999981, -0.006220, 0.000122, 0.006220, 0.999981, -0.000002, -0.000122, 0.000003, 1.000000)
CFrame.new(-953.452332, 169.415924, 881.532043, 0.999981, -0.006220, 0.000122, 0.006220, 0.999981, -0.000002, -0.000122, 0.000003, 1.000000)
CFrame.new(-953.452332, 169.415924, 881.532043, 0.999981, -0.006220, 0.000122, 0.006220, 0.999981, -0.000002, -0.000122, 0.000003, 1.000000)
CFrame.new(-953.452332, 169.415924, 881.532043, 0.999981, -0.006220, 0.000122, 0.006220, 0.999981, -0.000002, -0.000122, 0.000003, 1.000000)
CFrame.new(-953.452332, 169.415924, 881.532043, 0.999981, -0.006220, 0.000122, 0.006220, 0.999981, -0.000002, -0.000122, 0.000003, 1.000000)
CFrame.new(-953.452332, 169.415924, 881.532043, 0.999981, -0.006220, 0.000122, 0.006220, 0.999981, -0.000002, -0.000122, 0.000003, 1.000000)
CFrame.new(-953.452332, 169.415924, 881.532043, 0.999981, -0.006220, 0.000122, 0.006220, 0.999981, -0.000002, -0.000122, 0.000003, 1.000000)
CFrame.new(-953.452332, 169.415924, 881.532043, 0.999981, -0.006220, 0.000122, 0.006220, 0.999981, -0.000002, -0.000122, 0.000003, 1.000000)
CFrame.new(-953.452332, 169.415924, 881.532043, 0.999981, -0.006220, 0.000122, 0.006220, 0.999981, -0.000002, -0.000122, 0.000003, 1.000000)
CFrame.new(-953.452332, 169.415924, 881.532043, 0.999981, -0.006220, 0.000122, 0.006220, 0.999981, -0.000002, -0.000122, 0.000003, 1.000000)
CFrame.new(-953.452332, 169.415924, 881.532043, 0.999981, -0.006220, 0.000122, 0.006220, 0.999981, -0.000002, -0.000122, 0.000003, 1.000000)
CFrame.new(-953.452332, 169.415924, 881.532043, 0.999981, -0.006220, 0.000122, 0.006220, 0.999981, -0.000002, -0.000122, 0.000003, 1.000000)
CFrame.new(-953.452332, 169.415924, 881.532043, 0.999981, -0.006220, 0.000122, 0.006220, 0.999981, -0.000002, -0.000122, 0.000003, 1.000000)
CFrame.new(-953.452332, 169.415924, 881.532043, 0.999981, -0.006220, 0.000122, 0.006220, 0.999981, -0.000002, -0.000122, 0.000003, 1.000000)
CFrame.new(-953.452332, 169.415924, 881.532043, 0.999981, -0.006220, 0.000122, 0.006220, 0.999981, -0.000002, -0.000122, 0.000003, 1.000000)
CFrame.new(-953.452332, 169.415924, 881.532043, 0.999981, -0.006220, 0.000122, 0.006220, 0.999981, -0.000002, -0.000122, 0.000003, 1.000000)
CFrame.new(-953.452332, 169.415924, 881.532043, 0.999981, -0.006220, 0.000122, 0.006220, 0.999981, -0.000002, -0.000122, 0.000003, 1.000000)
CFrame.new(-953.452332, 169.415924, 881.532043, 0.999981, -0.006220, 0.000122, 0.006220, 0.999981, -0.000002, -0.000122, 0.000003, 1.000000)
CFrame.new(-953.452332, 169.415924, 881.532043, 0.999981, -0.006220, 0.000122, 0.006220, 0.999981, -0.000002, -0.000122, 0.000003, 1.000000)
CFrame.new(-953.452332, 169.415924, 881.532043, 0.999981, -0.006220, 0.000122, 0.006220, 0.999981, -0.000002, -0.000122, 0.000003, 1.000000)
CFrame.new(-953.452332, 169.415924, 881.532043, 0.999981, -0.006220, 0.000122, 0.006220, 0.999981, -0.000002, -0.000122, 0.000003, 1.000000)
CFrame.new(-953.452332, 169.415924, 881.532043, 0.999981, -0.006220, 0.000122, 0.006220, 0.999981, -0.000002, -0.000122, 0.000003, 1.000000)
CFrame.new(-953.452332, 169.415924, 881.532043, 0.999981, -0.006220, 0.000122, 0.006220, 0.999981, -0.000002, -0.000122, 0.000003, 1.000000)
CFrame.new(-953.452332, 169.415924, 881.532043, 0.999981, -0.006220, 0.000122, 0.006220, 0.999981, -0.000002, -0.000122, 0.000003, 1.000000)
CFrame.new(-953.452332, 169.415924, 881.532043, 0.999981, -0.006220, 0.000122, 0.006220, 0.999981, -0.000002, -0.000122, 0.000003, 1.000000)
CFrame.new(-953.452332, 169.415924, 881.532043, 0.999981, -0.006220, 0.000122, 0.006220, 0.999981, -0.000002, -0.000122, 0.000003, 1.000000)
CFrame.new(-953.452332, 169.415924, 881.532043, 0.999981, -0.006220, 0.000122, 0.006220, 0.999981, -0.000002, -0.000122, 0.000003, 1.000000)
CFrame.new(-953.452332, 169.415924, 881.532043, 0.999981, -0.006220, 0.000122, 0.006220, 0.999981, -0.000002, -0.000122, 0.000003, 1.000000)
CFrame.new(-953.452332, 169.415924, 881.532043, 0.999981, -0.006220, 0.000122, 0.006220, 0.999981, -0.000002, -0.000122, 0.000003, 1.000000)
CFrame.new(-953.452332, 169.415924, 881.532043, 0.999981, -0.006220, 0.000122, 0.006220, 0.999981, -0.000002, -0.000122, 0.000003, 1.000000)
CFrame.new(-953.452332, 169.415924, 881.532043, 0.999981, -0.006220, 0.000122, 0.006220, 0.999981, -0.000002, -0.000122, 0.000003, 1.000000)
CFrame.new(-953.452332, 169.415924, 881.532043, 0.999981, -0.006220, 0.000122, 0.006220, 0.999981, -0.000002, -0.000122, 0.000003, 1.000000)
CFrame.new(-953.452332, 169.415924, 881.532043, 0.999981, -0.006220, 0.000122, 0.006220, 0.999981, -0.000002, -0.000122, 0.000003, 1.000000)
CFrame.new(-953.452332, 169.415924, 881.532043, 0.999981, -0.006220, 0.000122, 0.006220, 0.999981, -0.000002, -0.000122, 0.000003, 1.000000)
CFrame.new(-953.452332, 169.415924, 881.532043, 0.999981, -0.006220, 0.000122, 0.006220, 0.999981, -0.000002, -0.000122, 0.000003, 1.000000)
CFrame.new(-953.452332, 169.415924, 881.532043, 0.999981, -0.006220, 0.000122, 0.006220, 0.999981, -0.000002, -0.000122, 0.000003, 1.000000)
CFrame.new(-953.452332, 169.415924, 881.532043, 0.999981, -0.006220, 0.000122, 0.006220, 0.999981, -0.000002, -0.000122, 0.000003, 1.000000)
CFrame.new(-953.452332, 169.415924, 881.532043, 0.999981, -0.006220, 0.000122, 0.006220, 0.999981, -0.000002, -0.000122, 0.000003, 1.000000)
CFrame.new(-953.452332, 169.415924, 881.532043, 0.999981, -0.006220, 0.000122, 0.006220, 0.999981, -0.000002, -0.000122, 0.000003, 1.000000)
CFrame.new(-953.452332, 169.415924, 881.532043, 0.999981, -0.006220, 0.000122, 0.006220, 0.999981, -0.000002, -0.000122, 0.000003, 1.000000)
CFrame.new(-953.452332, 169.415924, 881.532043, 0.999981, -0.006220, 0.000122, 0.006220, 0.999981, -0.000002, -0.000122, 0.000003, 1.000000)
CFrame.new(-953.452332, 169.415924, 881.532043, 0.999981, -0.006220, 0.000122, 0.006220, 0.999981, -0.000002, -0.000122, 0.000003, 1.000000)
CFrame.new(-953.452332, 169.415924, 881.532043, 0.999981, -0.006220, 0.000122, 0.006220, 0.999981, -0.000002, -0.000122, 0.000003, 1.000000)
CFrame.new(-953.452332, 169.415924, 881.532043, 0.999981, -0.006220, 0.000122, 0.006220, 0.999981, -0.000002, -0.000122, 0.000003, 1.000000)
CFrame.new(-953.452332, 169.415924, 881.532043, 0.999981, -0.006220, 0.000122, 0.006220, 0.999981, -0.000002, -0.000122, 0.000003, 1.000000)
CFrame.new(-953.452332, 169.415924, 881.532043, 0.999981, -0.006220, 0.000122, 0.006220, 0.999981, -0.000002, -0.000122, 0.000003, 1.000000)
